{
 "cells": [
  {
   "cell_type": "code",
   "execution_count": 1,
   "metadata": {},
   "outputs": [],
   "source": [
    "import numpy as np"
   ]
  },
  {
   "cell_type": "code",
   "execution_count": 2,
   "metadata": {},
   "outputs": [],
   "source": [
    "A = np.array([\n",
    "    [1, -1, 2],\n",
    "    [3, 2, 2],\n",
    "    [4, 1, 2]\n",
    "])"
   ]
  },
  {
   "cell_type": "code",
   "execution_count": 3,
   "metadata": {},
   "outputs": [],
   "source": [
    "B = np.random.rand(3, 3)"
   ]
  },
  {
   "cell_type": "code",
   "execution_count": 4,
   "metadata": {},
   "outputs": [
    {
     "data": {
      "text/plain": [
       "array([[ 1, -1,  2],\n",
       "       [ 3,  2,  2],\n",
       "       [ 4,  1,  2]])"
      ]
     },
     "execution_count": 4,
     "metadata": {},
     "output_type": "execute_result"
    }
   ],
   "source": [
    "A"
   ]
  },
  {
   "cell_type": "code",
   "execution_count": 5,
   "metadata": {},
   "outputs": [
    {
     "data": {
      "text/plain": [
       "array([[0.2069454 , 0.62127249, 0.08117147],\n",
       "       [0.86707869, 0.3714284 , 0.11216519],\n",
       "       [0.85099437, 0.76291224, 0.03078359]])"
      ]
     },
     "execution_count": 5,
     "metadata": {},
     "output_type": "execute_result"
    }
   ],
   "source": [
    "B"
   ]
  },
  {
   "cell_type": "code",
   "execution_count": 6,
   "metadata": {},
   "outputs": [
    {
     "data": {
      "text/plain": [
       "array([[ 1.2069454 , -0.37872751,  2.08117147],\n",
       "       [ 3.86707869,  2.3714284 ,  2.11216519],\n",
       "       [ 4.85099437,  1.76291224,  2.03078359]])"
      ]
     },
     "execution_count": 6,
     "metadata": {},
     "output_type": "execute_result"
    }
   ],
   "source": [
    "A + B"
   ]
  },
  {
   "cell_type": "code",
   "execution_count": 7,
   "metadata": {},
   "outputs": [
    {
     "data": {
      "text/plain": [
       "array([[ 5, -5, 10],\n",
       "       [15, 10, 10],\n",
       "       [20,  5, 10]])"
      ]
     },
     "execution_count": 7,
     "metadata": {},
     "output_type": "execute_result"
    }
   ],
   "source": [
    "# 스칼라곱\n",
    "5 * A"
   ]
  },
  {
   "cell_type": "code",
   "execution_count": 8,
   "metadata": {},
   "outputs": [
    {
     "data": {
      "text/plain": [
       "array([[1.04185546, 1.77566856, 0.03057345],\n",
       "       [4.05698233, 4.13249875, 0.52941198],\n",
       "       [3.39684905, 4.38234283, 0.49841825]])"
      ]
     },
     "execution_count": 8,
     "metadata": {},
     "output_type": "execute_result"
    }
   ],
   "source": [
    "# 행렬과 행렬의 곱\n",
    "np.dot(A, B)"
   ]
  },
  {
   "cell_type": "code",
   "execution_count": 9,
   "metadata": {},
   "outputs": [
    {
     "data": {
      "text/plain": [
       "array([[1.04185546, 1.77566856, 0.03057345],\n",
       "       [4.05698233, 4.13249875, 0.52941198],\n",
       "       [3.39684905, 4.38234283, 0.49841825]])"
      ]
     },
     "execution_count": 9,
     "metadata": {},
     "output_type": "execute_result"
    }
   ],
   "source": [
    "# dot() 메서드와 @ 연산자는 같다\n",
    "A @ B"
   ]
  },
  {
   "cell_type": "code",
   "execution_count": 10,
   "metadata": {},
   "outputs": [
    {
     "data": {
      "text/plain": [
       "array([[2.45574627, 2.01821353, 2.19291639],\n",
       "       [8.7911397 , 6.87535555, 2.75374237],\n",
       "       [9.09883779, 6.90816731, 2.55998543]])"
      ]
     },
     "execution_count": 10,
     "metadata": {},
     "output_type": "execute_result"
    }
   ],
   "source": [
    "A @ B + (A + 2 * B)"
   ]
  },
  {
   "cell_type": "code",
   "execution_count": null,
   "metadata": {},
   "outputs": [],
   "source": []
  }
 ],
 "metadata": {
  "interpreter": {
   "hash": "7987c57931f2365761dc2a5f85e647decf73af6edff0c78918b92bfe7c5512ba"
  },
  "kernelspec": {
   "display_name": "Python 3.8.10 32-bit",
   "language": "python",
   "name": "python3"
  },
  "language_info": {
   "codemirror_mode": {
    "name": "ipython",
    "version": 3
   },
   "file_extension": ".py",
   "mimetype": "text/x-python",
   "name": "python",
   "nbconvert_exporter": "python",
   "pygments_lexer": "ipython3",
   "version": "3.8.10"
  },
  "orig_nbformat": 4
 },
 "nbformat": 4,
 "nbformat_minor": 2
}
